1.000000000000000000e+00,6.025780058897141078e-01,-2.983888505964136240e-01,-3.960069050282424841e-01,-2.811383520487040905e-02,-4.783589390851630818e-01,1.934304170676596490e-01,7.396075226632242705e-02,2.654633069060419737e-01,3.154460344586247356e-01,5.527626772720213300e-01,-1.306407848522713744e-01,5.426580761772671346e-01,-5.381399147810354000e-01,5.600470838007671759e-01,4.887769309245166838e-01,-1.868386896396328212e-01,4.981548764437891963e-01,-2.133005602400800393e-01,4.693059131652492222e-01,-3.425819890410656265e-01,5.435273465373912094e-01,-2.984533539105000965e-01,-3.019265867404237746e-01,-3.284084699413523101e-01,-1.065916687229876286e-01,1.027396009261564574e-01,-7.393825077191550077e-02,-1.834321685716333861e-01,1.987878138166635777e-01,-3.800208419187867115e-01,-1.928039762610729568e-01,-4.488787123092682907e-01,2.224994401933441113e-01,4.601662302838053220e-01,1.113187052914784286e-01,-2.448449419113411796e-01,-1.934633323738870481e-01,-9.740766046458775029e-02,4.173493035704314846e-01,1.624744581741599178e-02,3.705800565717604078e-01,2.502155468537821670e-01,-2.321040869068944912e-01,9.468604942894631726e-02,-1.660395288613318310e-01,-1.635337990207160475e-01,-7.255322031585581186e-03,-1.213799063745703288e-01,2.613062296997225586e-01,3.750801498529800909e-02,-1.019003181592287588e-01,-1.348646837770945892e-02,1.976373732648867843e-01,6.780056410804373435e-02,-1.248894442673639527e-01,-1.802188654390204647e-01,-4.862955504659966649e-02,-2.478199606672204514e-01,1.634847037789903257e-01,8.783033364661164966e-02,-1.961577741128677221e-01,1.564774815001409303e-01,2.288310928096100039e-01,5.497984978993813998e-01,-1.924588420875116834e-01,-2.616016233283653403e-01,-4.220895721439310577e-01,-3.814702441466460425e-01,2.799823147864184403e-01,2.004120577003546122e-01
6.025780058897141078e-01,1.000000000000000000e+00,-1.288038392762000106e-01,2.511015978176918129e-01,-7.217401230113076327e-01,3.918212358133443818e-02,5.191096100470158348e-01,3.069627665950303563e-01,5.690748083626862019e-01,-8.481158371715977196e-02,4.987863794554584507e-01,-4.377152577299763814e-01,-8.623596545576908690e-02,1.379021382761893844e-01,2.196704760438870085e-01,2.031510461286400171e-01,-2.355083872766371433e-01,2.249697590038047812e-01,-2.380642343759572510e-01,7.342045454802718918e-02,8.828629266075976867e-02,3.310671951439601579e-01,-8.252083947698510280e-02,4.159094837863617222e-01,1.823303316063449586e-01,1.372229610661129806e-01,1.957444752893241213e-01,-6.819912425076435358e-01,-2.342874726851255640e-01,-4.046258898773605339e-01,-7.463751530070875662e-01,-1.428051146195610244e-01,-4.086734696651144749e-01,2.578929956117343991e-01,-5.205291208659613283e-02,1.315269286813821117e-02,1.834946118198882981e-01,4.110619467806589378e-01,4.438925648481503727e-01,4.235474436072160787e-01,4.526450828744605914e-01,3.522197455299561630e-01,4.456202324904729450e-01,-1.074342248837774905e-01,3.497421341006977658e-01,3.082496608634112678e-01,-2.522912842699571723e-01,2.098505137381764807e-01,-4.293747543700768103e-03,5.907162114512096718e-01,-6.383265264782304882e-02,7.456741666485192099e-02,4.048623240424896186e-01,4.677723808360035318e-01,4.471576053434564990e-01,-2.012757798379319063e-01,2.750871936961953867e-01,2.221677528190982298e-01,2.420753148855516734e-01,3.758458105530730897e-01,2.434431323108679490e-01,-2.111997704860195946e-01,4.329841482919535300e-01,4.671375698683056243e-01,1.931115939147904081e-01,-9.723805435463675484e-02,1.950553869148814179e-01,-8.110258185585299540e-01,-7.064127717677664009e-01,1.358746230726629034e-01,3.087821111431136023e-01
-2.983888505964136240e-01,-1.288038392762000106e-01,1.000000000000000000e+00,3.380535563095308227e-01,2.272897851601129171e-01,5.566846855715791298e-01,5.755100675514649433e-01,6.800585325012769022e-01,1.060175298245965292e-01,-2.657405170647335613e-01,-1.328959299397718119e-01,-1.484099265708050674e-01,1.488690515402894543e-01,5.276447704263400595e-01,2.259558682168759658e-01,-6.381554369571456053e-01,6.435471871191456028e-02,-6.372727197496138585e-01,5.624043011769560424e-02,-5.747218491148790021e-01,-2.888227115895784514e-01,-4.914360242624560282e-01,3.131172410962575481e-01,2.933809899575245961e-01,6.025443297460864045e-01,8.522196549104817942e-01,9.505839816636896256e-02,6.565525507682880291e-02,5.243186552571126313e-01,1.173906231313591036e-01,6.752652368475468014e-01,6.206861142386721486e-01,-1.671885232078248462e-01,1.729727041324251036e-01,-8.644333057077128180e-01,4.498013229768336313e-02,-2.129830530763932722e-02,-2.518690260052233038e-02,3.995351218670614712e-01,1.849229955409956161e-01,3.045839161062447453e-01,2.421050284173169864e-01,9.285302893238311928e-02,6.221844413072823432e-01,5.622434510864321444e-01,6.329039708120913765e-01,4.894208156499110229e-01,8.755293245955863002e-01,1.886173687080471839e-01,-2.087365408548542134e-01,6.839444769674678515e-01,2.633000317791299172e-01,5.954718865526357208e-01,4.962273828594743891e-02,4.171900475812671538e-01,5.689176228839769589e-01,4.390894467731822348e-01,3.501963813009872917e-01,4.518172851033365189e-01,2.288817239456186203e-01,1.886337870385202953e-01,6.977217801994777258e-01,2.050630263635230266e-01,1.946126729121423204e-01,4.496123808259459564e-01,3.221229309763059545e-01,4.482592830819334129e-01,-4.779896907587434518e-02,2.372653949424973763e-01,6.547357650113529992e-01,1.520342401711141482e-02
-3.960069050282424841e-01,2.511015978176918129e-01,3.380535563095308227e-01,1.000000000000000000e+00,-4.365578459215963547e-01,9.202650410955264260e-01,4.119360211854354303e-01,4.233286673579060855e-01,-1.669553271438486142e-01,-2.201184361620016905e-01,-3.670804632085659658e-01,1.659047022288645257e-01,-3.806625440461977039e-01,5.408079401163387034e-01,-2.661019654244401941e-02,-8.181127642188170679e-01,4.034192443908904968e-01,-8.085199017944760813e-01,4.352789270092059515e-01,-7.529102008366820309e-01,6.743688604805717635e-01,-7.798337551892897679e-01,6.438512775707011526e-01,5.610585807262152835e-01,4.025023445695084523e-01,5.914800959326239616e-01,4.624254891420667146e-01,-3.884096253982703972e-01,-3.437197839792535126e-01,-7.357595555391815978e-01,-2.446582808759880379e-01,-2.821230347542276751e-01,-4.738094147108408705e-01,5.159875173999283193e-01,-7.115793025058138044e-01,1.562107802988230432e-01,-1.637546738563795123e-01,7.747228840345602441e-01,5.730130609900632166e-01,1.085639807605353335e-01,6.161613498645054365e-01,6.863863301313687104e-02,-3.196201056320138179e-01,2.965706050625550039e-01,3.593717266180913028e-01,4.668956141869455845e-01,-4.976442547264546268e-01,3.078417416604007362e-01,5.163551032761787285e-01,4.622389411900309497e-01,-2.296604739670800033e-01,-2.595993421770724785e-01,5.421697113974980331e-01,5.059920856573640879e-01,5.546360877030643843e-01,-4.304391502307030604e-01,6.856431911730052065e-01,6.148963060454631924e-01,8.088030502052391268e-01,2.195479297090452142e-01,9.568947821502114814e-02,-2.616797188025407062e-01,2.030939875668432149e-01,1.545950867837339870e-01,-3.256526047415104208e-01,3.717050297357473165e-01,5.706835896430912936e-01,-6.065217768610996207e-02,-7.981482534545797369e-02,-1.849541325022439342e-01,2.419947358500211809e-01
-2.811383520487040905e-02,-7.217401230113076327e-01,2.272897851601129171e-01,-4.365578459215963547e-01,1.000000000000000000e+00,-1.942269658365853024e-01,-6.466084536023565532e-02,1.020083154771690148e-01,-3.496635707261540604e-01,4.082539497189297539e-01,1.438613532025670438e-02,5.894795909682306601e-01,4.860120357734166729e-01,-5.216420258590550585e-01,4.786335674744456314e-01,-1.153700264558903676e-01,-2.803996819411872302e-02,-1.271950808866954552e-01,-3.481366447663859776e-02,1.541204208552308386e-01,-4.021656521589632716e-01,-1.585074526485197866e-01,-2.377296749406851428e-01,-8.017655043876203980e-01,-5.028973598440875659e-01,-5.932787061179220500e-02,-3.318659468896693610e-01,9.124681959244221874e-01,2.579658028437661343e-01,6.285310793626111003e-01,7.511641993677914408e-01,3.071050057805929656e-02,-4.452246723511455589e-02,-1.954533898744382769e-01,6.099882175212530122e-02,-1.576122272387054102e-01,-2.852736237184320678e-01,-5.187246240363654337e-01,-6.368164367147469695e-01,-3.886178718870216819e-01,-5.793131731490055447e-01,-3.220796715503503327e-01,-3.457021001746796718e-01,-1.221292687902353347e-01,-3.359230222974091129e-01,-1.976384715648778767e-01,1.975903981400060350e-01,-7.585546726730911515e-02,-2.397440329046539309e-01,-2.863313178638483558e-01,2.069675641968738433e-01,-3.095831323341151076e-01,-4.899266433670730891e-01,-6.062453199877264609e-01,-5.539434119373849441e-01,1.646458181624119999e-01,-5.266671619288434414e-01,-4.121537672638208027e-01,-4.650335310825933210e-01,-5.050808999925000542e-01,-4.361970934670788558e-01,1.737016341990637314e-01,-5.801305853076051955e-01,-5.668841532413837481e-01,2.261619330963840213e-01,5.735396331525825786e-02,-4.982591920366623017e-01,4.995162443814663566e-01,6.247279558851810410e-01,1.151886240054299515e-01,-5.106315627321432737e-01
-4.783589390851630818e-01,3.918212358133443818e-02,5.566846855715791298e-01,9.202650410955264260e-01,-1.942269658365853024e-01,1.000000000000000000e+00,4.115841265997422505e-01,4.170817302541190985e-01,-3.363356700736150340e-01,-3.515447718802131721e-02,-3.713973416263127714e-01,1.526379811030519340e-01,-3.732798294715616860e-01,6.390101657699740478e-01,9.344921563450183169e-03,-9.081968161373292769e-01,5.334601739990504354e-01,-9.121630574018474436e-01,5.595279694035204532e-01,-6.970728483636239314e-01,3.964075156464386684e-01,-8.656308566762102030e-01,6.326605483806186925e-01,4.233976058538061471e-01,4.322309564462011311e-01,7.094661036710619983e-01,3.266521329253936901e-01,-2.871284855267322578e-01,-2.665529071191464344e-02,-4.193799798080676267e-01,7.442652595344514954e-02,-1.068759059344391305e-01,-3.655431078215633511e-01,5.888407669153541413e-01,-8.241466667371810662e-01,1.745194933862276657e-02,-2.003414682371953137e-01,4.847420655206609585e-01,4.164588696113335486e-01,3.229927427222829828e-02,4.354961409295208807e-01,-6.373550049589255841e-03,-4.755398332363918179e-01,3.657832550914198455e-01,2.828758162773846174e-01,3.626090384046193882e-01,-2.765178766205177996e-01,3.969892763825280113e-01,6.115335276425162281e-01,3.335261328900475664e-01,-1.450897408554751022e-01,-1.026293704795903372e-01,5.240202330822738563e-01,3.684097048222940707e-01,4.837022634870741244e-01,-2.166703251401910502e-01,6.257687105235657521e-01,5.961929836027576313e-01,7.226787595844618162e-01,7.632375294475116090e-02,-4.710941110712423691e-02,-1.054251979204817447e-01,4.533374917220987094e-02,1.811628643166627835e-03,-2.779935767199459007e-01,2.104341368399443579e-01,4.700035175719417535e-01,-1.031468349147266796e-02,2.680815687842282302e-01,6.719680742288479391e-02,2.066784129705969142e-01
1.934304170676596490e-01,5.191096100470158348e-01,5.755100675514649433e-01,4.119360211854354303e-01,-6.466084536023565532e-02,4.115841265997422505e-01,1.000000000000000000e+00,9.335435685910482562e-01,5.334365871247399582e-01,-1.971416544215866262e-02,5.209236038500076882e-01,1.101196939945263756e-02,1.215449300781614068e-02,1.958674393168833294e-01,6.703755998350969803e-01,-3.698205841624078172e-01,-3.908264405924425366e-01,-3.455121752782571165e-01,-3.801200463858447898e-01,-2.531439519099494273e-01,-6.702476428171233458e-02,-1.704632325369575263e-01,-1.511998860862983074e-01,1.403425128081231543e-01,1.415066594894865692e-01,5.160438126988210472e-01,-1.200803812436891799e-01,-6.857917863500920252e-02,1.263885861390125209e-01,-1.990622168434407757e-01,-2.617221943579581267e-02,5.794330724270781163e-02,-5.670237014425766331e-01,6.534920919307937726e-02,-6.984687446956638901e-01,-2.807538085534483363e-01,2.426706940060149864e-01,3.901152997600685901e-01,2.681403102823595730e-01,-1.468352162782048803e-02,2.344966320416228822e-01,-8.532160914652078473e-03,2.766803352089315382e-01,-3.454507157410451057e-02,3.360218228479339153e-01,7.494968653512741330e-01,-8.272695996558400086e-03,5.662153228646403802e-01,-2.238699268449136359e-01,5.768575115952097043e-01,2.946267843393996499e-01,-1.567078563552751491e-01,3.322952071908186200e-01,-3.975761251712001121e-02,2.100716451037717702e-01,3.690886073573966530e-02,1.302263332436064402e-01,1.362122859585358260e-02,2.283653260550023989e-01,-2.380699097133531696e-03,-1.224699684320319087e-01,1.491474448831116295e-01,1.675873654872756316e-02,3.330086561773103193e-02,3.044153570731465419e-01,1.919620065470032111e-01,9.497589492785753207e-02,-6.327792890859855746e-01,-2.522629847764132349e-01,2.957960831369281784e-01,-2.825778649687066824e-01
7.396075226632242705e-02,3.069627665950303563e-01,6.800585325012769022e-01,4.233286673579060855e-01,1.020083154771690148e-01,4.170817302541190985e-01,9.335435685910482562e-01,1.000000000000000000e+00,4.680170132028264596e-01,-2.105038595867509965e-01,2.825109493552537820e-01,1.690346475826716155e-01,2.242675830327975628e-01,9.849399764918098654e-02,6.838288236880514237e-01,-5.156179704612818826e-01,-3.651724580663953112e-01,-4.868587519410967346e-01,-3.559860755018988687e-01,-4.786740795850490393e-01,3.978694271605165422e-02,-3.331063639799266007e-01,8.613190975721121689e-03,1.346483004472855405e-01,1.772423729042011120e-01,6.104926648692162727e-01,3.722213603560350220e-02,1.591003516369613457e-01,2.117581562136231985e-02,-2.662976741182912499e-01,1.608613118936196573e-01,1.067511069312107735e-01,-6.335765090142987388e-01,1.045833726617798748e-02,-7.419949585828611305e-01,-4.809233940674584318e-02,7.612030727364998972e-02,4.454840333774906513e-01,3.524364790943925185e-01,4.336394770304430324e-02,3.403720227392612596e-01,9.141187758640874350e-02,2.674388623122285757e-01,1.526259339639787771e-01,4.748409544664782267e-01,8.616500438501967229e-01,-4.907095895980706501e-03,6.646989876297970667e-01,-2.230200059902569809e-01,3.717151214394504022e-01,4.666131494007243474e-01,-2.919600868169588415e-01,3.766397469277766863e-01,-1.884825146707384130e-02,2.556337708067987768e-01,6.353004837142511851e-02,2.125607769123658286e-01,8.620888912576292473e-02,3.415943480234010510e-01,1.089458328606091736e-01,2.457142926680367864e-02,2.751221823305223801e-01,9.992860397241738746e-02,1.034941305325579042e-01,4.213233405078865568e-01,4.988135389170406109e-01,2.403367759950068294e-01,-3.377243279459447578e-01,-2.538794542932595877e-01,2.389132951219336276e-01,-2.967081884606369013e-01
2.654633069060419737e-01,5.690748083626862019e-01,1.060175298245965292e-01,-1.669553271438486142e-01,-3.496635707261540604e-01,-3.363356700736150340e-01,5.334365871247399582e-01,4.680170132028264596e-01,1.000000000000000000e+00,-4.577883639430166407e-01,5.972585735544813090e-01,-4.510972601573564611e-01,1.923558590976874594e-02,5.481835911522504184e-02,1.625974362670417617e-01,3.994672100838950746e-01,-8.688367574972472029e-01,4.322437203180848342e-01,-8.757459314242935777e-01,1.006035167453828150e-01,-1.543397963410064744e-01,5.675487923220952080e-01,-4.953939045056388601e-01,3.120717202019325787e-01,1.992420077084463281e-01,-5.314722267306751236e-02,-2.567907630985042378e-01,-1.870803015434190086e-01,1.267415197180004616e-01,-1.745567629598725468e-01,-2.417897999703854939e-01,3.599684039854130768e-01,2.591897090702228318e-02,-5.588314690109096317e-01,-1.154312057618761406e-01,-1.546349910899435243e-01,6.734287814171893150e-01,2.261429668563627593e-01,3.081158819279752881e-01,7.616035975294352389e-02,1.645391352308635813e-01,1.265972060951397749e-01,9.318165134958267259e-01,-1.133999675437667720e-01,3.119087648720968442e-01,6.365983745234256030e-01,3.383723998272994415e-01,3.264504275339802919e-01,-6.794829348833637539e-01,1.437730366301679386e-01,4.807347011071113063e-01,2.024085766242278983e-01,1.478172340976978416e-01,-1.467508833006882507e-01,5.285436406536432596e-02,3.401077793463946342e-01,-8.960673480743430730e-02,-3.073722381479754295e-01,-1.058194880566217938e-01,2.320796660857006866e-01,2.487666391454554371e-01,3.966347397894481319e-01,3.211971698416062337e-01,3.442882864865309811e-01,3.708766880576494507e-01,1.359950515089725642e-01,8.892341727670514950e-02,-6.508603082612577362e-01,-7.362708484591806712e-01,1.272415321882116590e-01,-2.709686789819947261e-01
3.154460344586247356e-01,-8.481158371715977196e-02,-2.657405170647335613e-01,-2.201184361620016905e-01,4.082539497189297539e-01,-3.515447718802131721e-02,-1.971416544215866262e-02,-2.105038595867509965e-01,-4.577883639430166407e-01,1.000000000000000000e+00,4.396520347285565178e-01,3.478189916683785410e-01,-1.281698163298864712e-01,-3.157285082359463368e-01,3.971547708332862636e-01,1.243738788556871810e-01,2.188275587827475388e-01,9.889461388453409108e-02,2.255565913952808366e-01,6.401300434680673446e-01,-3.553992317890114494e-01,6.608728107845700250e-02,-3.958384554597181859e-01,-7.503035230962226132e-01,-6.790705120481003165e-01,-3.107674722721674443e-01,-4.701150200823303593e-01,1.884154156750119935e-01,1.797605813658305629e-01,5.523006596738644358e-01,-1.008423571493098116e-02,-4.621807232215911498e-01,-7.691220625173890435e-02,2.573944924972851322e-01,2.622729035803589848e-01,-6.000384997360184158e-01,-1.299215854360802058e-01,-4.468826117427094902e-01,-7.994562394697908303e-01,-4.521025900571348233e-01,-7.030715277831750543e-01,-5.395091729405651071e-01,-6.181405211747161843e-01,-6.314141509083853743e-01,-7.299632116582812635e-01,-6.541672603356669669e-01,-2.259200965099066871e-01,-5.130142067572229791e-01,5.098074512665774077e-02,4.348850714870126088e-01,-5.842812462285236208e-01,-1.809062571999598690e-01,-5.724512186597690011e-01,-3.829926139163303267e-01,-5.459409301766168232e-01,-3.037334110781527707e-01,-5.790715046192775883e-01,-3.711630923567572071e-01,-5.679805309065637520e-01,-7.468295080098314997e-01,-8.158275435854963620e-01,-5.381561650093822369e-01,-7.721541885292472207e-01,-7.351606137919201034e-01,-2.879072167062481369e-01,-7.106724509095964093e-01,-8.029758308386617527e-01,-1.577365647690719963e-01,6.149435594349252909e-01,3.336256203531319520e-02,-2.544915424255516645e-01
5.527626772720213300e-01,4.987863794554584507e-01,-1.328959299397718119e-01,-3.670804632085659658e-01,1.438613532025670438e-02,-3.713973416263127714e-01,5.209236038500076882e-01,2.825109493552537820e-01,5.972585735544813090e-01,4.396520347285565178e-01,1.000000000000000000e+00,-1.424744307343486505e-01,-9.669943161294376754e-02,-2.289932872359761451e-01,5.220352640768038954e-01,5.159738864835236027e-01,-6.800873077892501950e-01,5.260890740892916195e-01,-6.809970611097578841e-01,6.792709973262389678e-01,-4.764748518576580882e-01,6.331805660904606947e-01,-8.574511346423082658e-01,-3.611583034569992301e-01,-4.110204606053873277e-01,-3.341277559321713109e-01,-6.834358453675432044e-01,-1.976882282530766782e-02,2.902523817395532557e-01,3.217562572810823140e-01,-2.538373207790263764e-01,-5.328169946075361763e-02,-4.291284327453700337e-02,-3.320983041191536977e-01,1.201020689174829292e-01,-6.975929220530839858e-01,5.633206746156643741e-01,-1.746484445574716937e-01,-4.097263253138530015e-01,-3.307153480242548405e-01,-4.678758013450883824e-01,-3.586989831329988609e-01,3.837520992114265006e-01,-6.841729867009702648e-01,-3.434286300339732811e-01,5.273350701448533545e-02,1.379981135903174672e-01,-1.331400393836981444e-01,-6.401159015207287251e-01,5.376972520885615614e-01,-4.177259153180102463e-02,4.173353668442209702e-02,-3.668742463696699208e-01,-4.933972671929107712e-01,-4.388422856011195972e-01,6.954462799363811398e-02,-6.126653243567489193e-01,-6.451054081469589363e-01,-6.191487914266364800e-01,-4.390949490065669814e-01,-4.845306669116066778e-01,-8.498002848899893769e-02,-3.718546942654034626e-01,-3.151555444045434085e-01,1.146287665122168037e-01,-5.041652021030559316e-01,-6.343949294547943651e-01,-8.001826290143793097e-01,-1.891845368007875339e-01,1.586792105913430173e-01,-5.028716659369325548e-01
-1.306407848522713744e-01,-4.377152577299763814e-01,-1.484099265708050674e-01,1.659047022288645257e-01,5.894795909682306601e-01,1.526379811030519340e-01,1.101196939945263756e-02,1.690346475826716155e-01,-4.510972601573564611e-01,3.478189916683785410e-01,-1.424744307343486505e-01,1.000000000000000000e+00,1.857287242903386815e-01,-5.895230820107024705e-01,4.805449380585229413e-01,-4.020693288856569403e-01,9.320278894057844321e-02,-3.964819116218708528e-01,1.227913789176702519e-01,-1.432404215902327305e-01,4.349083329476984838e-01,-4.980805897946439242e-01,1.066106476557335953e-02,-6.197094034202618174e-01,-6.904506716899284635e-01,-1.624727360998074188e-01,-3.728900612611556892e-02,7.326284056721602544e-01,-4.957412780742883052e-01,-1.448718072188719674e-01,1.053487243422637359e-01,-6.966684145172121756e-01,-4.640872225626116454e-01,-1.555778625547984267e-02,2.279225694843938291e-02,-4.634958178923363065e-02,-3.991722850724707672e-01,2.642902303849768431e-01,-4.468603396468818767e-01,-4.987481997029944436e-01,-2.721739179577941647e-01,-4.786845055692539042e-01,-6.058671967275025549e-01,-3.635774195476562110e-01,-4.006308961898319421e-01,-8.347870221641524868e-02,-6.176830440064156047e-01,-3.987402385232247104e-01,-1.196195138734416769e-01,3.020483691611051680e-01,-3.788638081550156911e-01,-9.092019173891967565e-01,-5.138667533252845310e-01,-3.175756940534807948e-01,-4.538988387424999216e-01,-6.475396317222524845e-01,-3.337323453032248755e-01,-2.450034699165415664e-01,-1.260714417746792160e-01,-5.165275043582213677e-01,-5.136932926925902310e-01,-5.181632388841608261e-01,-5.954604981531304020e-01,-6.164147615928233792e-01,-2.838934678265684908e-01,3.297242539408211104e-01,-3.616240677304676798e-01,5.154838025472219254e-01,2.972278214785218919e-01,-5.905088229886141793e-01,-4.987637557610397065e-01
5.426580761772671346e-01,-8.623596545576908690e-02,1.488690515402894543e-01,-3.806625440461977039e-01,4.860120357734166729e-01,-3.732798294715616860e-01,1.215449300781614068e-02,2.242675830327975628e-01,1.923558590976874594e-02,-1.281698163298864712e-01,-9.669943161294376754e-02,1.857287242903386815e-01,1.000000000000000000e+00,-6.076065387798981199e-01,5.114782929175385462e-01,4.469358257026182640e-02,-4.142321720090918341e-02,5.605755949824418188e-02,-7.448715813195871949e-02,-1.109214259098479233e-01,-2.367763763418022915e-01,6.390713601034546387e-02,1.267197956166428163e-01,-3.049520577327698434e-01,-1.189688832182028838e-01,2.306744981775641634e-01,4.050821754485622872e-01,5.049191900846698999e-01,-1.925004366021258462e-01,2.035924846022300894e-01,3.167552860654938018e-01,1.220493163778364892e-01,-4.601732400543527834e-01,9.574171061683341144e-02,2.203503786829301148e-01,6.019423500187445208e-01,-6.138378766624736915e-01,-2.216458506080089264e-01,7.603883137302078210e-02,5.101916834911387477e-01,1.991628356989935955e-01,5.743889991488827507e-01,1.665889752814083968e-01,3.387123226534011766e-01,4.264437358407245915e-01,9.256521897424618839e-02,5.338980662170970254e-02,3.354650264739901799e-01,-4.628996344272855862e-02,-3.857821593675989646e-01,5.560794522812508855e-01,-2.578222195527318794e-01,1.359360472558182042e-01,1.689625757355323332e-01,1.720330098826287346e-01,1.442996359041886223e-01,4.136329108826735518e-02,1.463517977921175717e-01,2.686282589061854062e-02,3.849171419515343140e-01,4.081426032024143558e-01,2.879713213556618356e-01,3.069170570483732985e-01,3.428327863142847098e-01,8.356766548260189387e-01,4.825209776095352732e-01,1.086199607944620532e-01,3.489369395246698646e-01,-1.658329056988084582e-01,3.061984948239001025e-01,1.570025028366486552e-01
-5.381399147810354000e-01,1.379021382761893844e-01,5.276447704263400595e-01,5.408079401163387034e-01,-5.216420258590550585e-01,6.390101657699740478e-01,1.958674393168833294e-01,9.849399764918098654e-02,5.481835911522504184e-02,-3.157285082359463368e-01,-2.289932872359761451e-01,-5.895230820107024705e-01,-6.076065387798981199e-01,1.000000000000000000e+00,-5.208623751335221819e-01,-3.842832998879587292e-01,2.720143915662914802e-01,-3.950972317118494059e-01,2.771516282086545768e-01,-4.013395367269461111e-01,-1.717250838436456574e-03,-3.046538795069811401e-01,3.877664511288759219e-01,7.623624726217055336e-01,8.259452494442501846e-01,5.279113793865793935e-01,8.723412476606436095e-02,-6.759087239561202276e-01,4.596062309441707461e-01,-1.686279867812892352e-01,9.312878544682892668e-02,4.978181222895267100e-01,3.114212480932562199e-01,2.460497498512567160e-01,-6.653227289861488591e-01,-1.008053542368914646e-01,3.286833952837651673e-01,1.349470113746082944e-01,5.347060285466457286e-01,1.547657920247478835e-01,3.688722700557139911e-01,1.288016766755683551e-01,6.476274930284582620e-02,4.790347046860783387e-01,3.472772508411706704e-01,3.110592398974342809e-01,3.582109133704625692e-01,4.839953100909569206e-01,4.421324333761596503e-01,-5.976610687111986314e-02,1.357748194243835194e-01,6.477516502200786341e-01,6.258005874179228822e-01,3.030572886937118460e-01,5.197261180643427680e-01,3.879149632383428470e-01,6.014955375086886713e-01,4.709843688063994338e-01,5.335238620930661257e-01,2.757147662730705662e-01,2.249641068583419223e-01,3.597441774916796398e-01,3.243124768251548495e-01,2.907886788640287046e-01,-1.975453629812830569e-01,-1.269632548213423529e-01,5.504627168203571896e-01,-2.939331692519717154e-01,1.105633478185368279e-01,3.673048822006129144e-01,3.462133402557467377e-01
5.600470838007671759e-01,2.196704760438870085e-01,2.259558682168759658e-01,-2.661019654244401941e-02,4.786335674744456314e-01,9.344921563450183169e-03,6.703755998350969803e-01,6.838288236880514237e-01,1.625974362670417617e-01,3.971547708332862636e-01,5.220352640768038954e-01,4.805449380585229413e-01,5.114782929175385462e-01,-5.208623751335221819e-01,1.000000000000000000e+00,-1.690934995266637209e-01,-2.790733688804462598e-01,-1.522713345292925347e-01,-2.783155901378651098e-01,6.857273028877147736e-02,-1.882655889694122009e-01,-7.143428879946681076e-02,-2.881939787766175098e-01,-5.365943175186919101e-01,-4.712955347219265345e-01,1.975713830017750694e-01,-1.188141055188479261e-01,4.697704341915178716e-01,-1.083281135409308038e-01,1.331489555362682098e-01,8.256930671672836619e-02,-2.917858200720698791e-01,-7.476677556941540015e-01,1.042106690792080625e-01,-1.645159515234684844e-01,-1.598516016465916234e-01,-2.328074216362387705e-01,5.774205246376880318e-02,-2.393895312755306704e-01,-8.129281860987748465e-02,-1.198753627932944710e-01,-7.307488236365622392e-02,-4.583598964926237362e-02,-2.814357593325595430e-01,1.378193050935176515e-02,2.676932978863002521e-01,-2.408062695791920171e-01,1.825001998430652861e-01,-2.886203808098148915e-01,4.769976137139614880e-01,1.337341300561660229e-01,-5.595996511729627310e-01,-1.292539046773246436e-01,-2.122896661712572741e-01,-1.595882409661828205e-01,-2.122069550663404081e-01,-2.795466648552794586e-01,-2.109974898169073854e-01,-1.639366026242329577e-01,-2.485216488391884526e-01,-3.364014813290356898e-01,-1.305401015117554631e-01,-2.950319922864265143e-01,-2.523018384201425879e-01,4.391425752449033548e-01,1.594555239650639056e-01,-3.455869379859103363e-01,-2.336969617090625950e-01,-2.707296357217546523e-02,1.588812353652237219e-01,-3.862547775735121203e-01
4.887769309245166838e-01,2.031510461286400171e-01,-6.381554369571456053e-01,-8.181127642188170679e-01,-1.153700264558903676e-01,-9.081968161373292769e-01,-3.698205841624078172e-01,-5.156179704612818826e-01,3.994672100838950746e-01,1.243738788556871810e-01,5.159738864835236027e-01,-4.020693288856569403e-01,4.469358257026182640e-02,-3.842832998879587292e-01,-1.690934995266637209e-01,1.000000000000000000e+00,-4.960505159159167565e-01,9.989499785812694377e-01,-5.182870770740936051e-01,8.294844255566599101e-01,-4.203236090064224606e-01,9.740577425515307697e-01,-6.876351934777942265e-01,-2.499570311097311093e-01,-3.256657947263372765e-01,-7.499490959006710478e-01,-4.162437530640717420e-01,-7.960870698395430822e-02,1.287399606440073896e-01,3.845957581450575313e-01,-3.076287565887372288e-01,9.936200518641416513e-02,4.895707010058797937e-01,-4.955672203411761179e-01,7.978795545320910287e-01,-2.112128215839106926e-01,4.059143364690899758e-01,-4.614356164543931271e-01,-3.759380285143003597e-01,-4.408105624092346908e-02,-4.368225473048479301e-01,-5.264314395459344237e-02,4.960375278595983151e-01,-4.664412132499998753e-01,-3.557019199506438190e-01,-4.349674974879399469e-01,2.780015582067639213e-01,-4.561386863189385577e-01,-5.218376156101731667e-01,-1.449398083851233809e-01,-4.358300730764266134e-02,3.199312173843862905e-01,-4.611574165160111094e-01,-2.913943861367787047e-01,-4.215510475195894391e-01,2.008766575472414329e-01,-5.770958632446897552e-01,-5.631360372991583985e-01,-7.136836468528953148e-01,-1.028020094695974995e-01,-1.847220114485739403e-02,-3.487416318506036342e-03,-3.487047804812232199e-02,1.165713994062637579e-02,8.721290292913676245e-02,-5.021470286422612395e-01,-4.847824193272635140e-01,-2.954067944451203021e-01,-2.986100696977893043e-01,-2.391057598326500749e-02,-9.915186098815356730e-02
-1.868386896396328212e-01,-2.355083872766371433e-01,6.435471871191456028e-02,4.034192443908904968e-01,-2.803996819411872302e-02,5.334601739990504354e-01,-3.908264405924425366e-01,-3.651724580663953112e-01,-8.688367574972472029e-01,2.188275587827475388e-01,-6.800873077892501950e-01,9.320278894057844321e-02,-4.142321720090918341e-02,2.720143915662914802e-01,-2.790733688804462598e-01,-4.960505159159167565e-01,1.000000000000000000e+00,-5.253926908671598950e-01,9.986322991429937845e-01,-3.207665497199880811e-01,1.868347675120219931e-01,-6.066189702876307877e-01,7.726335281942492417e-01,1.210930300183439279e-01,2.215580385898781313e-01,3.829345435132047726e-01,5.674287224417544628e-01,-2.337531776972799347e-01,-1.220769067614600328e-01,-2.155732993606602685e-02,9.359152298021583549e-02,-1.808461203389032657e-01,-1.252951615005030994e-01,8.323059702431844231e-01,-7.766800312228459846e-02,3.769725005115172056e-01,-7.133676129793330434e-01,-8.024454002087653970e-02,1.332748168300603442e-01,3.307639991710753513e-01,2.540138198443200324e-01,2.585976324660430592e-01,-7.610384326813613987e-01,4.391650500630522869e-01,9.012364830023412987e-02,-4.394056899804704708e-01,-2.949619875358461263e-01,9.321331415198435069e-03,9.530899252997487858e-01,-1.412893335358203772e-01,-3.341338958659981762e-01,4.153518737005604256e-02,3.244086268403091333e-01,5.686132205245955085e-01,4.214222362133792643e-01,-2.363739771494331177e-01,5.223712597332369478e-01,7.084899946430419648e-01,4.845631347299033664e-01,1.815836170620553358e-01,1.109244818665956200e-01,-2.660503607777509050e-01,1.055308577572119794e-01,8.363022217235840938e-02,-2.033218373607430240e-01,-6.943456679520022823e-02,3.096101023203714497e-01,4.405815582779595285e-01,5.075794439693670501e-01,1.182693004932310055e-01,6.684083724893656875e-01
4.981548764437891963e-01,2.249697590038047812e-01,-6.372727197496138585e-01,-8.085199017944760813e-01,-1.271950808866954552e-01,-9.121630574018474436e-01,-3.455121752782571165e-01,-4.868587519410967346e-01,4.322437203180848342e-01,9.889461388453409108e-02,5.260890740892916195e-01,-3.964819116218708528e-01,5.605755949824418188e-02,-3.950972317118494059e-01,-1.522713345292925347e-01,9.989499785812694377e-01,-5.253926908671598950e-01,1.000000000000000000e+00,-5.471419777513881755e-01,8.140623280264114303e-01,-4.003289562366777465e-01,9.779648160328987538e-01,-6.923519348756437264e-01,-2.381147905645450980e-01,-3.250656112040568591e-01,-7.468521117973551116e-01,-4.078953497355707891e-01,-7.630754589968022361e-02,1.054199362694314968e-01,3.549356674909302511e-01,-3.245684418568816620e-01,9.322416219354145994e-02,4.670445566669415571e-01,-5.112548815916624356e-01,7.902422703858930086e-01,-2.003568910165495209e-01,4.145438285101041287e-01,-4.289791558959513140e-01,-3.555055558585184516e-01,-3.808940435308489497e-02,-4.158258478958378745e-01,-4.389005733833901968e-02,5.237504486004228577e-01,-4.683028867549901553e-01,-3.360551487505009094e-01,-4.002708689207949422e-01,2.661354076576512018e-01,-4.445739565892107281e-01,-5.450043943675697555e-01,-1.307781379391904919e-01,-3.014081299610426451e-02,2.994445901414561906e-01,-4.531718245103836251e-01,-2.869468088539673944e-01,-4.134775894553802678e-01,1.911318135401479101e-01,-5.718419542472182870e-01,-5.659908994667456339e-01,-7.029301014374144119e-01,-8.793272086464644366e-02,-3.966393475760269204e-03,-1.822507556103873140e-03,-1.884941308938225743e-02,2.753190288305779748e-02,1.004101352160709087e-01,-4.716357924203226082e-01,-4.719722416104424889e-01,-3.061973807996413721e-01,-3.369945987672829935e-01,-3.795577246893879625e-02,-1.100942770366414580e-01
-2.133005602400800393e-01,-2.380642343759572510e-01,5.624043011769560424e-02,4.352789270092059515e-01,-3.481366447663859776e-02,5.595279694035204532e-01,-3.801200463858447898e-01,-3.559860755018988687e-01,-8.757459314242935777e-01,2.255565913952808366e-01,-6.809970611097578841e-01,1.227913789176702519e-01,-7.448715813195871949e-02,2.771516282086545768e-01,-2.783155901378651098e-01,-5.182870770740936051e-01,9.986322991429937845e-01,-5.471419777513881755e-01,1.000000000000000000e+00,-3.322552485667816802e-01,2.230139297605017445e-01,-6.310301599049396026e-01,7.716700471654165394e-01,1.206685074525957885e-01,2.063873832533268948e-01,3.738110248941114433e-01,5.564566413234669495e-01,-2.311015531818105262e-01,-1.415376720037149483e-01,-5.012089243265265698e-02,7.712346921247131837e-02,-2.135157773307918005e-01,-1.334712294413563372e-01,8.268881424270533298e-01,-9.371334234374652239e-02,3.562701260693585947e-01,-7.009091163363084798e-01,-4.576954784069263427e-02,1.263075908728524821e-01,2.962837098094758259e-01,2.485599192352510312e-01,2.228261257997171674e-01,-7.818353558217350230e-01,4.151860472329589324e-01,6.870961672492337247e-02,-4.310957362337961007e-01,-3.257982121802958098e-01,-1.151540268004773437e-02,9.475622885593283362e-01,-1.076365912284754367e-01,-3.666917714799207695e-01,1.238264409049875080e-02,3.084305438962785528e-01,5.566032052275737829e-01,4.061883775505362726e-01,-2.706412637589133419e-01,5.166251611344990780e-01,6.983564032090247009e-01,4.891784442924207998e-01,1.553386138019045293e-01,8.280139093794308680e-02,-2.966221282991679531e-01,7.996674196971707838e-02,5.546691140298077444e-02,-2.447857759364030772e-01,-6.461920288004693869e-02,3.018184422809827017e-01,4.404167877768241368e-01,5.112476916983901276e-01,7.984433406809612888e-02,6.436989284319331039e-01
4.693059131652492222e-01,7.342045454802718918e-02,-5.747218491148790021e-01,-7.529102008366820309e-01,1.541204208552308386e-01,-6.970728483636239314e-01,-2.531439519099494273e-01,-4.786740795850490393e-01,1.006035167453828150e-01,6.401300434680673446e-01,6.792709973262389678e-01,-1.432404215902327305e-01,-1.109214259098479233e-01,-4.013395367269461111e-01,6.857273028877147736e-02,8.294844255566599101e-01,-3.207665497199880811e-01,8.140623280264114303e-01,-3.322552485667816802e-01,1.000000000000000000e+00,-5.628890723036605870e-01,7.893180109949717860e-01,-8.060681937817966158e-01,-5.963101837275007755e-01,-5.981245318803954936e-01,-7.490154442421967929e-01,-6.795022525349705411e-01,5.244260916559844582e-02,2.977907611272777588e-01,6.369178898475269524e-01,-1.821774472886405205e-01,-1.100925807115618604e-01,4.089871503166742084e-01,-3.159693425573408265e-01,6.898811921420241466e-01,-5.891841096006550371e-01,3.496122438174730784e-01,-6.215957479047474754e-01,-7.540782436406459066e-01,-3.668558338691523812e-01,-7.789116730838796521e-01,-4.148218015521942248e-01,7.146343553539508120e-02,-7.262626309610588082e-01,-7.080881254366946376e-01,-6.513023369633315074e-01,1.742151067824757038e-01,-6.129174088297412171e-01,-4.324924725994733765e-01,1.231384942608226146e-01,-3.236793307983416579e-01,2.002903367706325433e-01,-6.914029733410030909e-01,-5.261177232858195163e-01,-6.749466534160586395e-01,6.065951654307404073e-02,-8.016602964744445892e-01,-7.020076555390188933e-01,-8.983487655168906905e-01,-5.512798734582451399e-01,-5.167534373708256856e-01,-2.346618411338376731e-01,-5.036088311616111479e-01,-4.501321802814953754e-01,-1.244917107853206334e-01,-8.100206893177764877e-01,-8.406015837977087735e-01,-3.521442915348049207e-01,1.502763258999157414e-01,2.077635970311711086e-02,-2.993219511284231915e-01
-3.425819890410656265e-01,8.828629266075976867e-02,-2.888227115895784514e-01,6.743688604805717635e-01,-4.021656521589632716e-01,3.964075156464386684e-01,-6.702476428171233458e-02,3.978694271605165422e-02,-1.543397963410064744e-01,-3.553992317890114494e-01,-4.764748518576580882e-01,4.349083329476984838e-01,-2.367763763418022915e-01,-1.717250838436456574e-03,-1.882655889694122009e-01,-4.203236090064224606e-01,1.868347675120219931e-01,-4.003289562366777465e-01,2.230139297605017445e-01,-5.628890723036605870e-01,1.000000000000000000e+00,-4.962249155859807526e-01,4.725268968673388414e-01,3.441697426080736477e-01,-1.183988580717180300e-02,-1.379787657337474237e-02,4.783507866851158252e-01,-1.070295099339235584e-01,-8.309556615928154200e-01,-9.117621434938364411e-01,-5.112481135752560135e-01,-6.105826699657898038e-01,-3.504226712026637380e-01,1.157514414008953413e-01,-1.032730844324684649e-01,3.573811805674050879e-01,-1.921742485538069645e-01,8.762445179041566945e-01,3.722278569981796736e-01,-2.611036882759203148e-02,4.776102560424676513e-01,-3.583176667547485761e-02,-2.306225352570842047e-01,8.974199943182159522e-03,1.031912661188668229e-01,2.261677956939099066e-01,-7.661868595134420090e-01,-2.246373612672453446e-01,1.835861572769748595e-01,3.336336191360825265e-01,-4.387959505794122861e-01,-6.028622783139058194e-01,9.295294638282572408e-02,3.773234876636196722e-01,2.179084635584150331e-01,-7.427877559515714267e-01,3.700808731727384671e-01,3.051009219589418398e-01,5.256694648130707526e-01,1.702765754048590763e-01,1.476410461144167796e-01,-5.359932681176584612e-01,1.539286247929969320e-01,9.719283962396364773e-02,-4.912895820341466879e-01,5.473557611726568295e-01,3.861672424176711416e-01,2.940796328678729754e-01,-3.602971116447502564e-01,-7.836697378298459471e-01,8.406232177541321515e-02
5.435273465373912094e-01,3.310671951439601579e-01,-4.914360242624560282e-01,-7.798337551892897679e-01,-1.585074526485197866e-01,-8.656308566762102030e-01,-1.704632325369575263e-01,-3.331063639799266007e-01,5.675487923220952080e-01,6.608728107845700250e-02,6.331805660904606947e-01,-4.980805897946439242e-01,6.390713601034546387e-02,-3.046538795069811401e-01,-7.143428879946681076e-02,9.740577425515307697e-01,-6.066189702876307877e-01,9.779648160328987538e-01,-6.310301599049396026e-01,7.893180109949717860e-01,-4.962249155859807526e-01,1.000000000000000000e+00,-7.282272515312933070e-01,-1.707996423580302736e-01,-2.271258037816417386e-01,-6.272910047707461745e-01,-4.396519597172529603e-01,-1.340697385679779641e-01,2.145800087909910114e-01,3.760338636814251068e-01,-2.917234690956490017e-01,2.076904118384158282e-01,4.264515727720003535e-01,-5.070907308166365812e-01,6.584692019739478708e-01,-2.489744818961232842e-01,4.932791581970114025e-01,-4.259825980138672308e-01,-2.781398110443709104e-01,8.348968487023582935e-03,-3.657879043870477243e-01,5.666831135267130608e-03,6.360645434823154476e-01,-4.225251674753486841e-01,-2.338659165208208379e-01,-2.610939808055459666e-01,3.656888031682394291e-01,-2.847181456435898261e-01,-5.788019778908805035e-01,-9.195343815204735927e-02,9.400025227337203970e-02,3.805469864835568372e-01,-3.453182171732132599e-01,-2.837058674341329523e-01,-3.407222942556210055e-01,3.019347483588445402e-01,-5.272503934636165734e-01,-5.484704557292378047e-01,-6.656771536933708822e-01,-4.248657180403225125e-02,2.389940375322942290e-02,1.138257467614941787e-01,3.592640045699230233e-02,8.854731093775716766e-02,2.111922099765795591e-01,-4.733104938201286305e-01,-4.274531379242464957e-01,-4.563880888612172337e-01,-3.836182072083274552e-01,1.076699307166693459e-01,-1.197863399792982453e-01
