1.000000000000000000e+00,-1.983825515230631664e-01,7.996416072421967947e-01,-2.563054576170511467e-01,-4.344489518874492529e-01,7.514161716530850521e-01,-7.566256405000996166e-01,-3.195409158847767883e-01,-3.783186561329605069e-01,7.881593344628968767e-01,-7.704665053239133643e-01,-1.770161659821478384e-01,-3.696778197728689541e-01,-6.679069815556439027e-02,-1.572108750288276346e-01,-4.583076914514340738e-01,2.465158026005067060e-01,-4.169089488964499157e-01,-3.506454477688076277e-01,-1.225869232314791453e-02,1.347455338914371192e-01,-5.151993671713239742e-01,-1.803704431496415406e-01,-5.879915344089584606e-01,-5.494481445429226785e-01,-6.466894627405800865e-03,-1.292144233516507972e-02,-2.835714619498710398e-01,-9.703781615741956246e-02,2.185193376484500516e-01,-3.786526470613735817e-01,2.584842060267472097e-01,-2.300009812307187151e-01,3.214426450706450167e-01,-2.164004535289753006e-01,1.212106736697536255e-02,-1.245732666665300553e-01,-2.308241413942834497e-01,-4.479047544715100693e-02,-7.868578250011629693e-01,-7.955893360446035789e-01,-7.233416088126024546e-01,-6.260294032212770921e-01,-7.713081568577688785e-01,-7.915821049366088547e-01,-1.307314684490611389e-01,4.317863957399717401e-01,6.068808186040603597e-02,-1.739485282386745713e-01,2.014255161170112052e-01,-4.069700791904466014e-02,-3.938214794471667779e-01,-3.273686580982749228e-01,-3.777531723442472122e-01,-3.106754145138020395e-01,-3.778231094281142566e-01,-3.134412232486193384e-01,-3.784370554026277311e-01,-4.529420533903411594e-01,2.972560316796144519e-01,8.871521989843410283e-02,-7.454143235146033497e-01,-7.182927634355344981e-01,-6.702609707017762597e-01,-4.709518030269453370e-01,-1.434910353668224503e-01,1.079198439096477613e-01,-5.420234849166546409e-01,4.107583613008026352e-02,2.214074858128036727e-01,-8.310193171872258810e-01,-4.723229959639317355e-01,-4.395592927780462844e-01,-3.490611913696662350e-01,-2.654884492995241985e-01,-1.150481210243061991e-01,-3.427027837010391265e-01,5.855222727423479989e-02,-1.550523412218130781e-01,1.246003119706333012e-01,-3.905723656675256228e-01,-1.337366475649680586e-01,-1.254008069282254445e-01,-6.992235082605741114e-01,-5.523043246088938513e-02,-4.754350238690530639e-01,-4.624878867960988682e-01,-5.451133386453386187e-01,2.464057439829902829e-01,-4.817639660654338130e-01,-4.845700952868931544e-01,2.664714481123780510e-01,-4.817742993623544412e-01,-2.790816779614621601e-02,-4.905402457710590462e-03,-7.434487753613679140e-02,7.921992830932365059e-01,-1.655030721255862647e-01,1.319093310121073337e-01,4.942478367079743418e-01,5.962269869045752069e-01,6.803163067512651985e-01,4.391462132896239989e-01,4.057313487464573876e-01,6.050049089207653052e-01,3.210212428363853898e-01,5.159400164796734689e-01,-4.507062457852826221e-01,3.147867837919952616e-01,-4.815295566058777066e-01,4.098478969154405460e-01,-5.243555226831141391e-01,-7.078678087827501297e-01,-7.569340456289690433e-01,-7.758661375374827918e-01,-7.749273905628438763e-01,-2.801519448763664655e-01,-2.307787095535138444e-01,-4.809808434283954770e-01,4.816069854747297985e-01
-1.983825515230631664e-01,1.000000000000000000e+00,-1.403152936124471284e-01,3.529126294402166186e-01,3.693010392479602055e-01,-6.745408501760337405e-02,3.181366869410115483e-01,9.507771397464644114e-02,-1.220005242449300614e-01,-9.058664452482881324e-02,2.451229870363123287e-01,1.458664295267302069e-01,2.989413274207734506e-01,3.065409286059152527e-01,3.624503064375015904e-01,-2.423824605934077059e-01,1.506115071320505705e-01,2.972576126743288749e-01,-6.929295114840260117e-02,3.003308318638688856e-01,1.999348273586862290e-01,-2.289214915640929715e-01,-2.923189387081935320e-01,3.254623018881672158e-01,-9.189354454578771425e-02,3.433310186012434317e-01,1.174086178027077543e-01,3.893316359113473402e-01,5.822344225674785934e-02,-1.367264429579445884e-01,2.005954716042665509e-01,-2.258361135171947642e-01,-3.433220027709765754e-01,-5.814847360683389477e-01,-1.262134823360807900e-01,-6.808951504420732714e-01,-6.141798458476521033e-02,-2.728167563105216020e-01,-1.559788761612613817e-01,7.886564501873444266e-02,8.221706776799933558e-02,7.497070018813110914e-02,-5.235963924929108032e-02,5.343621076665452940e-02,-4.061118399674096963e-02,-1.216968480753587434e-01,-4.101622851127030289e-01,2.090114772416829803e-01,-9.352751626786873218e-02,-3.103277622608421327e-01,9.469081204140656488e-03,-4.643344646877823334e-01,-1.245958479094243787e-01,-1.563052374054951232e-01,-2.403911744050706012e-01,-1.557529622730015328e-01,-2.208320538313056081e-01,-1.675024197304060269e-01,-2.505548234532336063e-02,-2.007163950876978131e-01,2.451378101183034064e-01,-3.742941120716086756e-02,-1.056274452737232250e-01,-1.476167515969895039e-01,-2.076056244398414852e-01,2.436856649467427638e-01,1.362548122318661126e-01,3.375837974042860123e-01,5.475823407946552868e-01,1.244827258942971943e-01,8.064417640088662742e-02,3.186154439168604191e-01,5.715910944798433535e-01,4.268616896913659531e-01,-2.330835004146711853e-01,-2.046951016079030516e-01,3.838789481215239968e-02,-3.201302659460462108e-01,4.913580390196484737e-01,-6.159691156143329849e-01,-3.249505460945990021e-01,1.486848924879648759e-01,-3.228282512050381081e-01,1.010405547997698661e-01,-3.723469327243216775e-01,4.538401076583035987e-02,-3.448306418636569726e-01,-5.300929380953883080e-02,-1.001291309504203364e-01,-2.412008543292682994e-01,3.784323506456660491e-02,-3.301140906790718810e-01,-2.411946599344785003e-01,4.844475630233572444e-02,7.597129103496140512e-02,1.127159749155328241e-03,8.510993366903010782e-02,3.949101458019637079e-01,-2.587217007860254103e-01,-6.726939605153481327e-02,-2.009824328592134668e-01,-6.289651985990702548e-03,-2.278516834244553313e-01,-2.888588913887026877e-01,3.148928756843060728e-01,-2.275838725725599920e-01,-1.801084698925655980e-01,-3.914681479247362206e-01,2.919851429164760370e-02,-4.402316050769171096e-01,-1.860976992539188635e-01,3.339121927903709180e-02,2.180456237008200626e-01,9.853775656179333819e-02,9.932866293258628410e-02,9.353293130203209349e-02,-2.026342196546861985e-01,-3.767737371595636375e-01,-4.721634305937636444e-01,3.921996860254438610e-01
7.996416072421967947e-01,-1.403152936124471284e-01,1.000000000000000000e+00,-1.825557473037666134e-01,-5.990138829461010284e-01,6.221491212090448641e-01,-6.958545605648496224e-01,-6.215821022205764157e-01,-5.147089729255445167e-01,7.198816089619052283e-01,-7.402536301689213172e-01,-2.174301968787399619e-02,-6.523469417825065175e-01,2.397614305288007230e-01,2.418524238633827650e-02,-5.647266981067475822e-01,3.043739323862390544e-01,-3.982808357166718882e-01,-5.026431087792385677e-01,2.289585682936935151e-01,1.871256775264720229e-01,-4.242299310031562576e-01,-2.279141939863600363e-01,-3.237459750842617279e-01,-5.645596807825037367e-01,2.238405200713091125e-01,-3.397317864252161757e-01,-5.553168581139275028e-01,-4.223385817947472032e-01,3.074983862195280748e-01,-5.940767192720121104e-01,3.590899210006899822e-01,-1.538091057943480056e-01,4.048738760186871843e-01,-2.098341060025501470e-01,-1.139800044692734814e-03,-1.053870757212090753e-01,-1.006221425896406951e-01,2.511603360207074753e-01,-8.772104584819085948e-01,-8.666730428051493407e-01,-8.667302724282907045e-01,-8.396331216689074672e-01,-8.590357207577714593e-01,-8.809716446193419648e-01,-3.111705601017705214e-01,5.438183287435151003e-01,-1.216729689689848154e-01,-3.609417322445281906e-01,-2.622382077744236581e-02,1.807769646550822507e-01,-2.776174970127792130e-01,-2.964653855206430544e-01,-4.839642403921519676e-01,-4.942818031210012841e-01,-4.839630491003247825e-01,-4.724161447046273943e-01,-4.609946011131538235e-01,-5.080877557582899051e-01,4.820365000214916207e-01,2.149798173446313132e-01,-7.623297321978270702e-01,-6.384658670975094097e-01,-7.649116961946222926e-01,-4.411376662973590101e-01,-4.365219254339576249e-01,1.271759250056820612e-01,-4.909178662447857833e-01,3.755136482055802527e-01,3.512353646455496081e-01,-8.780461804325792041e-01,-2.479781875434287353e-01,-2.044576549061447590e-01,1.495850301171621488e-01,-4.884648194026876000e-01,-2.550379981653251305e-01,-3.557716391712542614e-01,1.398189154319535166e-01,-1.600384490472880339e-01,-2.705024521610256971e-01,-6.208082959582548188e-01,-1.427800405305709730e-01,3.128809456328042471e-02,-6.813890982255319528e-01,-1.851409290843394617e-01,-6.660844000129035880e-01,-2.459369741976177859e-01,-6.215432928682075309e-01,-2.603077870517197523e-01,-6.813497809448985087e-01,-6.859677464191100693e-01,2.283888559329965151e-01,-6.813612843766332361e-01,-7.470632220471584706e-02,-4.202749867142584889e-02,-5.902370163052501201e-02,8.266650934724372179e-01,-1.648311690149787886e-02,-5.202048933551572246e-02,5.581489869499840495e-01,3.285163746410635910e-01,2.805369593983868537e-01,2.239298343911780009e-01,2.113438480055036262e-01,5.577237091635985911e-01,3.817507267976529284e-01,3.848956602757208079e-01,-5.440779983226555760e-01,-1.184251142173061572e-01,-3.981009004446933730e-01,1.981371145267389056e-01,-6.321696691645611876e-01,-7.227215556750539172e-01,-7.218626557115940257e-01,-8.341666332362804859e-01,-8.593042819322771475e-01,-1.317699070068210077e-01,-5.094709657344125286e-01,-4.689552339471443898e-01,4.681913081306399715e-01
-2.563054576170511467e-01,3.529126294402166186e-01,-1.825557473037666134e-01,1.000000000000000000e+00,-1.755359677578759992e-01,-5.277992417095271616e-02,1.575119771524745652e-02,3.662557053440083088e-01,-9.640428204703092863e-02,-3.318987718235968248e-02,1.100125073500202687e-02,7.718403927833966671e-01,-2.068538809948008150e-01,-1.700019854015816234e-01,6.511688874705330587e-02,-2.035451323047871852e-01,1.175249424512661706e-01,-3.385852378544885327e-02,2.692353070525379741e-02,2.877547488911437190e-01,2.222169640156912152e-01,1.286674074737969298e-01,-1.996341776575986382e-01,2.002769151504618650e-01,1.237413103181814605e-01,3.542827255249076379e-01,2.531644744592020380e-01,4.284220496395680366e-01,1.634713777212107033e-01,-1.485997241345301256e-01,4.255294170518952312e-01,-1.886322133278499902e-01,1.572152415350208665e-01,-1.177448273045875737e-01,6.050771658760515370e-01,-1.340321239961067556e-01,-7.080560412911462986e-02,5.808143119355949624e-01,4.822709418795019798e-01,1.449845627006196846e-01,4.048972170465859471e-02,1.233558091486566116e-01,-5.198330913777582385e-02,1.877691588719098900e-02,1.841401712009371472e-01,-1.606895824802147266e-02,-2.552899374193386417e-01,-2.204625288525099286e-02,5.253583259693336838e-02,-1.739716699820903489e-01,-7.270069709294028903e-02,-1.860981584440611347e-01,1.252056896554105125e-01,-2.941377706551447785e-02,-1.238797616310312599e-01,-2.995091168624323952e-02,-6.403789719759597765e-02,1.035627901714273325e-01,1.062788458835193794e-01,-1.933132891323573466e-01,-1.470624337553984029e-01,-6.658094991950226638e-02,-3.181894890844131352e-01,-2.233372518690071862e-01,-1.829365572812899909e-01,-5.964101813132270669e-02,2.713700157186655360e-01,3.401180142994595923e-01,2.951319609647581887e-01,2.231680090922475920e-02,1.601470669718137521e-02,1.997190180656588376e-01,2.633389096266811613e-01,2.061146806763749506e-01,-8.428399970028066512e-02,4.390609058761457129e-01,5.580800776097948057e-02,2.562645929767167208e-01,4.037849794031286299e-01,-4.197024807254724488e-01,2.366829884946817716e-02,-7.314940949977874474e-02,-4.865244473631495647e-02,-6.324659992995933233e-02,2.570117035271037298e-01,1.750655640177498362e-01,2.505121856111579559e-01,2.362525686243405476e-01,9.535141808606176217e-02,1.405136218034273576e-01,2.156801589841003952e-01,-4.246813885201916050e-01,1.405069243964429393e-01,2.625645067034828584e-01,4.564032268982905483e-01,-1.135702046206759630e-01,7.759120272846563478e-03,-1.298733470722720496e-01,-7.508605399711722195e-02,-2.678903059873720127e-01,-2.016215800438411199e-01,-9.333218926202431487e-02,-1.154729617735546915e-01,-1.966739746421487522e-01,1.243361606929217905e-01,5.905997402736271051e-02,1.869351333687845340e-01,-2.128891042017153588e-03,-3.160332102744994875e-02,-2.684189629644969100e-01,3.756180716457053204e-01,3.913585384899296304e-01,7.608475683678177226e-02,2.852396633122860625e-01,1.408116554401091756e-02,2.114609722928639107e-02,2.511392530291938763e-01,2.084869818303595745e-01,1.599060591805759879e-01,4.688053822082323685e-01
-4.344489518874492529e-01,3.693010392479602055e-01,-5.990138829461010284e-01,-1.755359677578759992e-01,1.000000000000000000e+00,-1.551114436715577138e-01,7.488936877010338167e-01,3.367100433531148851e-01,7.239664266049193608e-02,-2.749435178492902199e-01,7.558101798813341432e-01,-1.834562070831255720e-01,9.336986120503451003e-01,8.590084387453818249e-02,1.344917941811950568e-01,3.537242000170765510e-01,7.017365406736669753e-02,6.763138694787251826e-01,2.889568070451646875e-01,2.079583433136746873e-01,-1.981533190380558793e-02,-5.486488218404696540e-03,-2.278276941250554494e-02,2.962454610433611357e-01,4.300267133756411481e-02,-1.204812033672441191e-01,-4.190938138868676582e-02,1.390608616205684656e-01,4.151891824406205717e-02,4.034883850008500611e-03,1.669961039176508233e-01,7.100575188652245850e-02,-3.576053740119312652e-01,-4.420335852445959057e-01,-2.009954094099903610e-01,-3.717202487480272821e-01,-7.481557410817789300e-03,-5.252412472026061208e-01,-3.745579819605151517e-01,6.382139725021830357e-01,6.601933091483975780e-01,6.124913974325423283e-01,6.986953835763302090e-01,6.016357263429739088e-01,4.476126517689408835e-01,2.076361610384540313e-01,-1.243364292156188128e-01,5.526843023009955086e-03,4.561697952344324902e-02,-4.139123995237198317e-01,-6.081171507862381809e-01,-3.896533951837639065e-01,-7.245060938485810981e-03,3.589843970775184051e-02,1.223101337067170752e-01,3.645091882502417280e-02,-3.857473829996004716e-02,-1.277618806353077452e-01,4.649200973602223008e-02,9.648948867488832404e-02,-1.119048213463070540e-01,4.047354351880375622e-01,6.505622343149681797e-01,5.321421241581067996e-01,3.320342476591369718e-01,6.097301935055855493e-01,-1.910189043105036191e-02,2.027140808837624153e-01,-7.523020841084783472e-02,-2.961042955800921583e-01,4.897646919952084454e-01,5.329148617894771123e-01,3.309634790795940584e-01,8.436710666997328245e-02,-2.000890726195777430e-02,-2.217605046801852664e-01,2.273620870601347765e-01,-4.017290664419041479e-01,2.967820829983479625e-01,4.688084142518624681e-02,1.226838489871657639e-01,6.128527674690945615e-01,-4.018645963786287578e-01,6.530223937162052961e-01,-2.414140478056736594e-01,3.411674098714847503e-01,-2.096925337829335934e-01,2.178378069940608841e-01,4.759561268613473478e-02,1.617196259806161218e-01,2.332615623468751176e-01,-2.745549353800122439e-02,1.617368955702557787e-01,-3.685917539924657427e-02,-3.632723011701118332e-01,-1.469132853764771041e-01,-2.954180682833245086e-01,5.202097839593196049e-01,-1.160751732807664693e-01,-4.495845194407951939e-01,-2.552417077816397373e-01,-2.688081294940410926e-01,-4.147665919662345546e-01,-3.786339656570021361e-01,-1.965358989333961803e-01,-7.133374303610453548e-01,-6.424583473524745347e-01,-6.948887019920928221e-02,-1.233241140432876221e-01,2.156010680938376112e-01,-3.927426803225096963e-01,2.203663326227984498e-01,7.798403909096973674e-01,6.356713447761987990e-01,6.387415642015684680e-01,6.713676069111434996e-01,-1.420952466593431718e-01,-6.508221494251764661e-02,-7.780000533835312870e-02,-4.404336231952547531e-01
7.514161716530850521e-01,-6.745408501760337405e-02,6.221491212090448641e-01,-5.277992417095271616e-02,-1.551114436715577138e-01,1.000000000000000000e+00,-5.999516558021106283e-01,-8.016561542802820226e-03,-2.984978345050232629e-01,9.685448876203359703e-01,-6.155064187494518890e-01,1.616308686784794502e-01,-1.863599640637629284e-01,2.879486660079736415e-01,-1.932620018132294171e-01,-4.358080127919192193e-01,2.714550492737580548e-02,-3.946834512703794595e-01,-5.278976886038494465e-01,2.928234095291074035e-02,-8.468122970227663637e-02,-6.573329402545896594e-01,1.123021627963072255e-01,-4.822827655911668399e-01,-2.600247353472068257e-01,-7.126680661346262990e-02,-6.050367664781548110e-02,-2.999642701631931585e-01,-1.752786874130445871e-01,2.414878610301166018e-02,-3.920123434335868184e-01,1.411904550799748803e-01,-2.807061076716812487e-01,7.867105537517889158e-02,2.666522696179511875e-01,4.125728886919431682e-02,3.085718972415931599e-02,-1.181255695363292585e-01,2.142039924521015326e-01,-6.843034372110512464e-01,-6.922486804876959443e-01,-7.009808594130203518e-01,-5.641991850901336703e-01,-7.218094656567249912e-01,-6.754756056335150527e-01,-9.504856174691861392e-02,5.432708950017725025e-01,-1.268936156964331208e-01,-2.757371670395157848e-01,-8.191337606248098868e-02,-4.093579793790322885e-01,-6.602165612376946768e-01,-3.475166498557280548e-01,-5.111400390011665573e-01,-4.562680806980722314e-01,-5.110697900406822036e-01,-4.715396921152610332e-01,-5.544203343742439838e-01,-5.828746688803536635e-01,4.681674090346691908e-01,2.830363635126317834e-01,-8.360370756956829741e-01,-6.218702767206126802e-01,-6.858826737357290870e-01,-4.507417918798744538e-01,-2.343608298003359292e-02,-2.437436785848915710e-01,-7.177376488667137622e-01,-2.767355646148479675e-02,6.417303088412854017e-02,-6.295143290745173204e-01,-9.895347333494319830e-02,-4.272450592628657673e-01,-2.104997089303741464e-01,-4.263331917624082479e-01,-3.476210392380337660e-02,-2.555559102273122218e-01,-3.303650009062266552e-02,3.581966496103275444e-01,8.892705566294330233e-02,-3.317377785143059699e-01,1.887121833108584140e-04,1.169193809980882404e-01,-3.822015748693075032e-01,-1.648911376479414992e-01,-6.293746400935188445e-01,-5.171689334803528659e-01,-6.886763568226550447e-01,2.204242064560730380e-02,-4.396940498695115496e-01,-5.945269250629130475e-01,8.570979317859268864e-02,-4.396942804886483924e-01,-2.177328959737344916e-01,4.752123524912089947e-02,-2.407975586010230873e-01,8.993834977667503061e-01,-7.951824849903822712e-02,-5.439990303426474501e-03,2.064462308829318749e-01,4.752193429116797208e-01,3.966215404592988159e-01,1.358544520115181620e-01,8.927320575239494627e-02,7.662063225262166766e-01,2.572894047101656478e-01,4.799065379243604434e-01,-5.497646721858312491e-01,1.133851156264621407e-01,-5.503442090129976316e-01,3.901477876988181381e-01,-5.108112602876827557e-01,-3.748465773694031888e-01,-3.389546101459314786e-01,-7.339379203670158835e-01,-7.004307000846593523e-01,-4.457802335825216677e-01,-4.511453086774876997e-01,-2.861187568943071025e-01,4.603635818736468432e-01
-7.566256405000996166e-01,3.181366869410115483e-01,-6.958545605648496224e-01,1.575119771524745652e-02,7.488936877010338167e-01,-5.999516558021106283e-01,1.000000000000000000e+00,1.728952915432205306e-01,3.092885647608336133e-02,-7.221846543837928678e-01,9.831906186031594830e-01,-6.289366399258138063e-02,7.204560119515481809e-01,8.771531764905302064e-02,4.030182253407048054e-01,5.227302322911658861e-01,2.107378271473616116e-01,7.451278155683060955e-01,1.622374435949487104e-01,1.366905274782709845e-01,2.543883942158796096e-01,2.608389582250857930e-01,-8.194031742775736982e-02,5.107163918733482744e-01,1.839629733157471247e-01,-1.474465573340234814e-01,-2.163749976756750293e-01,1.025590577884609722e-01,-1.351015741918704383e-01,-1.131844189665799222e-01,1.390535288269355296e-01,-1.362799454228052487e-01,-2.276659629425960563e-01,-1.899359296831801824e-01,-2.070455016672058945e-01,-1.131255275389933951e-01,2.646126263047176019e-01,-2.892399850877010459e-01,-3.816953096295553349e-01,8.636642247941394013e-01,9.067626347189313707e-01,7.391018918241061275e-01,7.608068421251811264e-01,8.829017158022460787e-01,7.329142315080110492e-01,1.285433179542030124e-01,-4.409362368646696506e-01,-3.279736711879695510e-01,-6.158072231027155591e-02,-3.025191682296510254e-01,-2.874987437390940648e-01,9.242048132714961520e-03,-4.516714020850468025e-02,2.373992284268443970e-02,4.603376410916399514e-02,2.384693639096275783e-02,-8.249634028725440216e-02,-7.651223589263822511e-02,1.029837306351403386e-01,2.406262855149125107e-02,-9.571586439175665262e-02,6.179533972046974410e-01,7.714807971490180716e-01,7.437202971113869854e-01,4.007956354893423834e-01,4.162135338271857887e-01,1.956578325330684542e-01,5.412691084087480897e-01,1.243882182187194402e-01,-3.514499647994141496e-01,6.104745859275975128e-01,5.275208624596482432e-01,3.670029702241174863e-01,3.830981876245306839e-01,-6.947177275667043572e-02,-1.928238093285964960e-01,5.169895118047649341e-01,-4.672585622835632169e-01,-5.995883599683439480e-02,-7.930409623557886645e-02,-1.593213150788012553e-02,5.828604249501302403e-01,-1.809946824668094700e-01,7.245987682853378686e-01,2.910412083337953273e-02,3.521821301923598324e-01,2.095260506120102673e-01,3.732100524094729144e-01,-9.366502548174651666e-02,1.070284014472313167e-01,2.471013561713950313e-01,-2.555789435795073963e-02,1.070409219628252750e-01,-1.875078531550163907e-01,-3.070996324729489690e-01,-2.012235956260744751e-01,-6.815806198373148828e-01,6.879715034532716267e-01,-4.314689648058266380e-01,-5.412106737093859143e-01,-5.957125585223753683e-01,-6.672889173257693374e-01,-7.148935266232052665e-01,-6.852058123528762534e-01,-5.977010357854842804e-01,-7.934904441808445785e-01,-8.942571276551809500e-01,-1.244272419385735427e-02,-2.626651236281997148e-01,3.669911064071745832e-01,-4.671077444787194999e-01,1.879781500932432570e-01,9.066940052611198730e-01,7.933144808909098344e-01,9.180208886182025241e-01,9.160677028277255385e-01,2.387556248426613847e-01,5.303902484730629863e-02,6.934973769951435774e-02,-6.656427879274529058e-01
-3.195409158847767883e-01,9.507771397464644114e-02,-6.215821022205764157e-01,3.662557053440083088e-01,3.367100433531148851e-01,-8.016561542802820226e-03,1.728952915432205306e-01,1.000000000000000000e+00,6.739599809908668471e-01,-1.153356531116798006e-01,2.153171676038399818e-01,1.043334266834102658e-01,4.165476239057712138e-01,-2.908214158305813535e-02,6.460887893967735829e-02,4.001061637019804329e-01,-2.772996326179378301e-01,7.677650618644174529e-02,2.221435960410468591e-01,-4.120972562226224989e-01,-1.994985455244992212e-03,6.119409985804184077e-02,1.057622985933708293e-01,-3.265022480829105067e-01,4.271541339985615582e-01,-2.065051121272512558e-01,4.890027205808961108e-01,5.743249156489529383e-01,4.799887399583694370e-01,-6.129821075217422033e-01,6.070055443874911028e-01,-5.761717104846326709e-01,-1.296949299371378539e-01,-4.068589895685234548e-01,4.968955837331497372e-01,-1.592982927066537505e-02,1.610247729055045984e-01,2.300622934995110447e-01,-1.206636685841425694e-01,4.161900635091578815e-01,3.434338647150988466e-01,4.579429044848905561e-01,5.269130728248132556e-01,3.220690765367514308e-01,5.199528739455785420e-01,3.685411600179218095e-01,-4.316308265026842506e-01,2.646095981122764673e-01,3.903004151855035686e-01,3.688336858667399798e-01,-3.486982722362274023e-01,-4.194241268671877743e-02,-7.375945739022967025e-03,1.554051319479582971e-01,9.575638142947624776e-02,1.554032546777061041e-01,3.225031837151012271e-01,2.338536631382281128e-01,1.797836674600796769e-01,-1.897186364961847838e-01,-2.631561718633609534e-02,1.273430994764458979e-01,2.819026998911311607e-04,2.945079148687898551e-01,1.155126686709558904e-02,4.392547679539310912e-01,-3.115164715610936885e-01,-3.756749091278409943e-03,-6.455035450951324139e-01,-2.613996070543199712e-01,3.356672285711980730e-01,2.150434649921819930e-01,-1.754764317949627506e-01,-5.303410770918757233e-01,3.377890671630047192e-01,5.001090936440452106e-01,3.521176140127932341e-02,5.416201529806700249e-02,4.663102319116496086e-01,4.332655399336441948e-01,4.668036938156461813e-01,2.948591875310788233e-03,2.234528592298083705e-01,2.394041811587400981e-01,3.411606355453722372e-01,4.389228341457420135e-01,-8.586341947643068295e-02,3.361569907294681969e-01,4.262758178392397346e-01,4.760355682610953321e-01,3.943317976007545966e-01,-5.811297404406446931e-01,4.760444731860165590e-01,8.029509442131387009e-02,8.308017091262764886e-02,-1.797501435934631062e-02,-2.777605316448928940e-01,-2.518836979454945335e-01,-7.921482390116984379e-03,-7.127710816964529794e-01,-2.733241590869140980e-01,-6.022818127285688161e-02,-1.284993501272489180e-01,-1.054729069247470341e-01,8.580911202537631899e-02,-1.118462103889158732e-01,8.097618449155072340e-02,3.453390792226209149e-01,3.811145054261896870e-01,-1.209632686246801675e-01,1.633696961175585272e-01,4.357786377626547969e-01,2.772787074237685889e-01,4.127646641493041835e-01,2.847708979879819968e-01,3.475302979480710541e-01,-1.874531736203773058e-01,3.495899847761709256e-01,3.069927035548097316e-01,-9.457098237811649433e-02
-3.783186561329605069e-01,-1.220005242449300614e-01,-5.147089729255445167e-01,-9.640428204703092863e-02,7.239664266049193608e-02,-2.984978345050232629e-01,3.092885647608336133e-02,6.739599809908668471e-01,1.000000000000000000e+00,-3.484899230175786400e-01,4.372924851106593097e-02,-2.308086290870135782e-01,1.484898742518492576e-01,1.119045713551923005e-01,1.013937065439375479e-01,5.901355196004649528e-01,-4.945448223403194343e-01,-6.454486050764131344e-02,2.447941303554715675e-01,-6.706876581503368184e-01,-2.901728883514748114e-01,1.019658169081835292e-01,1.859489921662457468e-01,-3.555125407184914765e-01,4.278115232015083924e-01,-1.941896699860435338e-01,3.604005219248240244e-01,4.932626290787030521e-01,4.033784348241469808e-01,-6.786066697310390028e-01,5.452601946957437162e-01,-6.300508331488451352e-01,9.849192837882397855e-02,-4.695473753376098180e-01,2.566630285408339485e-01,8.989430697572488305e-02,1.491131519964187246e-01,2.440584308111410083e-01,-1.680325886137068458e-01,2.493405732993062562e-01,2.451358598709707515e-01,3.070934985737175937e-01,4.304110693716719505e-01,2.568118076779398740e-01,4.359529987067509160e-01,4.845834818188323734e-01,-4.242119668766903273e-01,4.614856967660955211e-01,3.400745341997554738e-01,6.342217486175212304e-01,1.863320491358909925e-01,5.473676409191285952e-01,9.785699117788827783e-02,3.726305336420063785e-01,3.064118330173765670e-01,3.730176382482301434e-01,5.421652893646931037e-01,4.888692484903461866e-01,3.246797189801150507e-01,-3.983257882506218706e-01,1.670185320833133535e-01,3.438575211650820029e-01,1.292320721800650496e-01,4.009212309686840947e-01,1.266625934786337893e-01,2.636517173538990289e-01,-5.053097294158113151e-01,2.753925810311093347e-02,-7.762135798322931102e-01,3.580981333210316031e-02,5.006263665589515410e-01,-8.106186612606650077e-02,-8.129689766997466593e-02,-5.398052098770178553e-01,5.021584610633412771e-01,3.329279140167349937e-01,-1.546889857159155501e-01,1.283163854058862186e-01,9.923689891360319704e-02,4.404787956403404259e-01,5.919338079927196627e-01,-2.719845189150011389e-01,4.317239542613316994e-01,1.420020404254810076e-01,3.632931376745899832e-01,3.573448143478145655e-01,6.151873850863118220e-03,2.938490656862751127e-01,9.589133009618602821e-02,5.383323434151203735e-01,3.677229249655949994e-01,-6.295357509334820190e-01,5.383415894807831448e-01,-6.516899585519454752e-02,-3.110139859486499639e-02,2.507831507356140244e-01,-4.709513673421360513e-01,-4.435366751978548350e-01,2.137753767609583688e-01,-4.807329764011076811e-01,-2.786536937971673678e-01,-4.971099767900009209e-02,1.723887596870826433e-01,2.592544969467209248e-01,-1.929037612226953136e-01,1.392182937210828531e-01,1.773634032973023522e-01,5.974328875417518336e-01,2.849528821114361565e-01,2.422482607829748447e-01,-2.629612543469322938e-01,3.889663346169075497e-01,6.951364767303703888e-03,1.552736621109771509e-01,2.209761644949150006e-01,2.497105660463575516e-01,-3.022741497222818929e-01,3.091570480452300873e-01,3.154559499577436199e-01,-2.210020865880931995e-01
7.881593344628968767e-01,-9.058664452482881324e-02,7.198816089619052283e-01,-3.318987718235968248e-02,-2.749435178492902199e-01,9.685448876203359703e-01,-7.221846543837928678e-01,-1.153356531116798006e-01,-3.484899230175786400e-01,1.000000000000000000e+00,-7.259544537623177085e-01,1.787032998896465330e-01,-3.376337019534065287e-01,2.230960780282836842e-01,-3.004108501933864805e-01,-5.937650666255516185e-01,-8.454609880391397020e-03,-4.791658025848620217e-01,-4.113096945910821867e-01,1.303068009067431809e-01,-1.358141933165715465e-01,-5.629826880344318552e-01,9.926377561781450642e-02,-4.208817141546718488e-01,-2.874980440571006657e-01,3.472620352033368996e-02,-4.983275519547984006e-02,-3.517819950662156581e-01,-1.538606600173029748e-01,1.697974420705195553e-01,-4.179567519400487763e-01,2.727610799213986970e-01,-1.692660261350401041e-01,1.430950828865192592e-01,2.335349222411977066e-01,-1.676987538286460813e-02,-1.457332915333176548e-01,-6.807714440900662634e-02,3.211830763477232509e-01,-7.901086924903212294e-01,-8.115672215701744685e-01,-7.578474127439238650e-01,-6.924006920646926799e-01,-8.423902542340480082e-01,-7.881688347597293198e-01,-2.164052028997793531e-01,6.199454292231909580e-01,-2.106163424574456280e-02,-2.084600444193612789e-01,-1.207159156081082652e-01,-2.845666995526354159e-01,-6.168342929194305935e-01,-2.319860419508788241e-01,-4.194835016774859926e-01,-3.981825064176974238e-01,-4.194130007453829578e-01,-3.721040999779761660e-01,-4.490392826779100455e-01,-4.884717672565925262e-01,4.363436819315516524e-01,2.074347543108937542e-01,-8.448329262044237398e-01,-6.659405209450548480e-01,-7.770162018691225692e-01,-4.618296774275366112e-01,-1.940555865398443103e-01,-2.248663734663336466e-01,-7.284296574541412328e-01,4.487380317737158647e-02,1.126257452005935134e-01,-7.003248655905937037e-01,-1.211707877434876207e-01,-3.644035150677719104e-01,-1.671626180364129688e-01,-3.494743425432285111e-01,-4.916966743897203257e-02,-3.795164853118584980e-01,1.399363259331467269e-01,3.740451032246553398e-01,1.897166213299959119e-03,-3.039657443500839995e-01,-1.272308714313630240e-01,6.597686921880493993e-02,-4.868446458030769586e-01,-2.689255145503371414e-01,-5.974270451914351909e-01,-4.764973741962479359e-01,-6.528454366087753646e-01,1.934758598614641544e-03,-4.201023592641067728e-01,-5.591101924238649490e-01,1.367992479729810695e-01,-4.201057937642340145e-01,-3.417165708599509411e-02,8.226432748742515400e-02,-1.176224636499926812e-01,9.542907115374353877e-01,-2.031106260678909592e-01,1.039600684561403088e-01,3.551774284503879664e-01,5.192483096246572893e-01,4.502621827906064800e-01,2.660075482968513594e-01,2.235138917267299186e-01,8.180486035653767862e-01,3.979373219213755974e-01,5.827509211361593389e-01,-4.637411773736737075e-01,5.721048984371110424e-02,-5.513955685719235111e-01,4.202344896517839490e-01,-4.592727212950326598e-01,-5.158457959594966447e-01,-4.797705956659418236e-01,-8.474305835704798451e-01,-8.233904453818502445e-01,-3.841636034494449459e-01,-4.311806901730326769e-01,-2.679626391264959828e-01,5.605246330889953610e-01
-7.704665053239133643e-01,2.451229870363123287e-01,-7.402536301689213172e-01,1.100125073500202687e-02,7.558101798813341432e-01,-6.155064187494518890e-01,9.831906186031594830e-01,2.153171676038399818e-01,4.372924851106593097e-02,-7.259544537623177085e-01,1.000000000000000000e+00,-1.043170817318165161e-01,7.541548868426981578e-01,-2.144085051259381897e-02,3.006622369998852018e-01,5.151642998462955259e-01,1.144815464746624378e-01,7.030302589950141456e-01,2.589459486383740017e-01,1.128974477812922789e-01,2.091649010586368040e-01,3.887762352479821604e-01,-4.126796087280437501e-03,5.075415141573196287e-01,2.719543392784442015e-01,-1.399321799271725786e-01,-1.040037800000022522e-01,1.251680484918874514e-01,-9.878177608817461861e-03,-5.128742356491478027e-02,1.884567926104349644e-01,-1.000497864671330978e-01,-1.701452442144369692e-01,-1.639220969844840115e-01,-1.904139201813266347e-01,-8.698221621498081202e-02,2.432812607620541967e-01,-2.344933728840516984e-01,-3.471381694304989662e-01,9.015206792327354890e-01,9.264882381332640859e-01,8.102326485110773469e-01,7.941804717986565842e-01,9.077136783048127544e-01,7.784001676231527833e-01,1.094384577662077529e-01,-3.919830252617705901e-01,-2.767213278959100298e-01,8.942219785852090208e-02,-3.014052124103307473e-01,-2.788911185837046336e-01,4.228705091160980117e-02,6.449567495154186203e-02,1.175608829743756967e-01,1.556661301074791781e-01,1.175791521246981747e-01,3.474496636272008526e-02,1.969442453324094996e-02,2.041338178692146399e-01,-6.413783453342495645e-03,-2.064554511112066948e-01,6.558197455190525327e-01,8.234937262631936150e-01,7.572495169009136884e-01,4.892716673679216033e-01,4.221227806594941012e-01,1.778458763030353607e-01,4.958718558153357714e-01,5.602921798683751370e-02,-3.798509136268703457e-01,6.350766267707284030e-01,5.523693471175746827e-01,3.043544661482512348e-01,3.296833376418982220e-01,5.005548552995407047e-02,-8.388956674322504969e-02,5.785219233377562054e-01,-4.286421409991232334e-01,-4.239791695480044087e-02,8.357556087739385561e-03,1.040352290954776882e-01,5.614504746740551777e-01,-1.765280780294707641e-01,7.795231995240134992e-01,-1.028340532724340839e-02,4.577448664495683550e-01,2.617627629292895164e-01,4.719318563296013846e-01,-4.240964019248405492e-02,2.293539635274882693e-01,3.610389824739899667e-01,5.318450642511295123e-02,2.293652775868269544e-01,-8.601448832954390611e-02,-2.221935322684381320e-01,-1.802401175566019087e-01,-7.162305655115233094e-01,6.023411329046446383e-01,-3.840486982912635905e-01,-5.241433610928670772e-01,-5.282245987686963185e-01,-6.423872464313646891e-01,-6.807108101304687464e-01,-6.574651002575520042e-01,-5.931251950739658829e-01,-7.281551402794315120e-01,-8.905610627702039706e-01,1.075627030471938833e-01,-1.882404142988809981e-01,3.716545421643797087e-01,-3.542398362910000875e-01,2.699672062456732746e-01,8.973689281590107036e-01,7.755171450895916863e-01,9.258527390051729533e-01,9.360933937067148491e-01,2.970075641405853228e-01,1.231194826820350557e-01,1.888413866690758780e-01,-6.940644850566907165e-01
-1.770161659821478384e-01,1.458664295267302069e-01,-2.174301968787399619e-02,7.718403927833966671e-01,-1.834562070831255720e-01,1.616308686784794502e-01,-6.289366399258138063e-02,1.043334266834102658e-01,-2.308086290870135782e-01,1.787032998896465330e-01,-1.043170817318165161e-01,1.000000000000000000e+00,-3.507319297160914062e-01,2.245658875611570779e-02,-2.101946941895905252e-01,-2.928816482532937693e-01,4.018212722009744525e-02,-2.450487837929009038e-01,-1.023779632346877300e-01,3.357538210253016020e-01,-1.277217587714406244e-01,-2.042227221901261325e-01,9.313354506044799197e-02,2.388870013466218301e-01,4.662070108519858480e-02,7.150193378461114357e-02,-1.688031022765243694e-01,1.481069250585463452e-02,-2.596060699558153662e-01,-1.147881298177829829e-01,2.034185941127437600e-02,-1.482672150936996218e-02,1.325256361514152159e-01,3.152208765393235690e-02,7.436234756456756578e-01,-5.778870725698943139e-02,-2.317425918944106544e-01,3.908406312499453916e-01,5.929985028565537553e-01,-8.669264047351658842e-02,-1.166685286277451272e-01,-2.068904744326628131e-01,-2.233461602846896488e-01,-1.673049841961116169e-01,-8.502507418457234956e-02,-1.506132496188133107e-01,-1.307106545651480142e-02,-3.480860060156706348e-01,-4.101879633139273174e-01,-3.789370863986600280e-01,-1.660281288538671685e-01,-2.649122608905244980e-01,-8.127466254958544412e-02,-2.688557816236852305e-01,-3.013137006542211394e-01,-2.692514955208308858e-01,-3.263759090415446762e-01,-1.954518490362843752e-01,-2.424326197244951187e-01,8.770654497245805592e-02,-9.242368301009822040e-02,-2.378337858934239657e-01,-2.971102519877460990e-01,-3.241934157367418745e-01,-4.003793645678103696e-01,-2.206026489489295306e-01,1.009512746547195639e-01,4.938616733445252982e-02,2.850243453051329867e-01,-1.476689052024045268e-01,6.496912581929172037e-02,2.521571868457764820e-01,2.652623598942372984e-01,2.365158625385695712e-01,-3.571076788781099576e-01,6.088754143311905093e-02,-1.690191621480953699e-01,1.684493398883669946e-01,3.879754842274157900e-01,-4.354395602007934407e-01,-5.096123291266698579e-02,1.261068479584804246e-02,1.963602725569739416e-02,-1.776323063972142235e-01,1.768270027299465585e-01,-2.912527338496279650e-01,3.714459909312175373e-02,-2.273537027486436657e-01,-8.765854691067297144e-02,-1.695358497909165568e-02,-1.920222748012762048e-01,-2.519418828614745087e-01,-1.695521475681333740e-02,-4.491075411749301249e-02,2.244733946180876294e-01,-3.184081407052232193e-01,1.953386090523027141e-01,-1.250964182303530570e-01,-7.514366404978009562e-02,-1.879180937628287806e-01,-1.558524723184660787e-01,-1.726582242809740486e-01,-7.188558301030249786e-02,-1.370725174744204522e-01,5.486900393138200577e-02,9.820748103437812460e-02,2.586242579633166727e-01,-1.259492038453224327e-01,-3.712230420369490025e-01,-1.461219066338805828e-01,1.168377772170118289e-01,7.821086658746571885e-02,9.787247444844972277e-02,3.494312440223802940e-01,-1.425391199952943111e-01,-1.511998896275002779e-01,-3.919230615685686397e-02,-6.540548462324399792e-02,6.833595587177311581e-02,4.184616106066114671e-01
-3.696778197728689541e-01,2.989413274207734506e-01,-6.523469417825065175e-01,-2.068538809948008150e-01,9.336986120503451003e-01,-1.863599640637629284e-01,7.204560119515481809e-01,4.165476239057712138e-01,1.484898742518492576e-01,-3.376337019534065287e-01,7.541548868426981578e-01,-3.507319297160914062e-01,1.000000000000000000e+00,-7.362115042795515374e-02,1.743787458432077553e-01,4.875535685827012689e-01,1.561748893133817900e-02,6.237812474031014798e-01,2.483350443198402424e-01,-1.476108202752635275e-02,5.756870432438643964e-02,7.907781924063757295e-02,-7.044983386698974379e-03,1.338506944045339819e-01,1.195907174514715537e-01,-1.361350588105653681e-01,1.956136049773894159e-01,3.155356841800029954e-01,2.682135369129247660e-01,-8.172560436892611913e-02,3.169530580938955122e-01,-8.511572940132172693e-02,-3.622049668762480357e-01,-4.532500687254626404e-01,-2.469555478569071261e-01,-2.622186209949289304e-01,1.859518834463333992e-01,-4.423042467263558764e-01,-4.790679852912260173e-01,6.944493409956516983e-01,7.009801786033851290e-01,6.853589905642957225e-01,7.702760383660629540e-01,6.798622686636142110e-01,5.577748068125946146e-01,3.357353084647423103e-01,-2.024120267358782144e-01,6.026042298648891238e-02,2.238325861054683563e-01,-2.077324146831230622e-01,-5.169101353136749122e-01,-2.696705951854388439e-01,2.251877972547017617e-02,9.110962755497489796e-02,2.348333490714917815e-01,9.147046805772666989e-02,5.133442851561198506e-02,-3.775215283192726728e-02,1.230256930830379430e-01,-3.844795481426542538e-02,-1.592544684265022048e-01,4.318102656474826495e-01,6.226931729476103961e-01,5.568972539901957397e-01,4.217951012773518138e-01,7.640658343372056516e-01,3.538808183800189883e-02,2.074897107418938180e-01,-2.007100628951374588e-01,-2.256804552999173152e-01,4.936233698430154693e-01,3.963589165136868764e-01,1.476841275746225979e-01,-7.576631820434981401e-02,9.894554948032473207e-02,5.314476397383974954e-03,4.459777740603982354e-01,-5.192330898025117047e-01,1.456168559971857956e-01,2.349681566255506227e-01,2.151446903193170168e-01,6.011792552604474649e-01,-3.389433846703293618e-01,6.896049574065923338e-01,-1.089217465447730876e-01,4.600750081936001434e-01,-1.564752775187728540e-01,3.316868510344378462e-01,1.713179707962382559e-01,2.765929230141866424e-01,3.772993670548026035e-01,1.179482626207555181e-02,2.766071107758784620e-01,-7.791280114419281422e-02,-1.791698980165098432e-01,-1.929864919102034782e-01,-3.933323962245469652e-01,4.606175531245710886e-01,-1.326299900384363406e-01,-4.590172627862499355e-01,-1.229256531127285584e-01,-1.426313493556513046e-01,-3.712331023665096374e-01,-3.626790847386102135e-01,-2.308853768493727698e-01,-6.530645881723706747e-01,-6.485543270026539187e-01,4.382411516949052260e-03,1.899724705707838690e-01,1.619413253975309774e-01,-1.964978231892691996e-01,2.563895878127532835e-01,7.150999675591926952e-01,5.536977397658405797e-01,6.746384034357628678e-01,7.256353787912752651e-01,-9.696222842600617231e-02,5.121770800528773621e-02,-5.141667428366614688e-03,-4.696358112437525323e-01
